

H = [1,0,4
    1,1,5
    -1,-1,-1];
J=[1
   1
   1];

A=H^(-1)*J;
 
