

H = [19,9
    9,1];
J=[12
   15 ];

A=H^(-1)*J;
 
